1.0
0.9999010857684992
0.9996070631099018
0.9991227654700697
0.9984522426242041
0.9976010121542841
0.9965744139229751
0.9953765409285812
0.9940116916240842
0.9924844179073906
0.9907989771020327
0.9889595815164652
0.9869705520975559
0.9848359269514894
0.9825598528028852
0.9801462288645658
0.9775990452510431
0.9749219902290197
0.9721189109549591
0.9691935784070823
0.9661496791511381
0.9629908153404029
0.9597205047156802
0.9563421806053006
0.9528591919251228
0.9492748031785326
0.9455922306909764
0.9418148997088315
0.9379459969887025
0.9339885779205593
0.9299456239290702
0.9258200424736022
0.9216146670482209
0.9173322571816911
0.9129754984374755
0.9085470024137359
0.9040493077516157
0.8994852410033755
0.894857611273054
0.8901689311103576
0.885421655595819
0.8806181823407975
0.875760851487478
0.8708519457088716
0.8658936902088156
0.8608882527219738
0.8558377435138357
0.8507442814946855
0.8456101014520124
0.8404372388343887
0.8352276663345339
0.8299833065260737
0.8247060318635401
0.8193976646823723
0.8140599771989154
0.8086946915104218
0.80330347959505
0.7978873907355217
0.7924496147893125
0.786990899481264
0.7815128275637273
0.7760169332471002
0.7705047028816949
0.7649775756396069
0.7594369441965828
0.7538841554138899
0.7483205110201834
0.7427472682933747
0.7371658183845774
0.7315775982491063
0.7259838089586924
0.7203856144422106
0.7147841429972163
0.7091804881257213
0.7035757093699652
0.6979708331481883
0.6923668535904058
0.6867647333741803
0.6811654045603942
0.6755697694290238
0.669978701314912
0.664393045443541
0.658813619766806
0.6532412157987876
0.6476765994515252
0.6421205118707906
0.6365736702718597
0.631036768775287
0.6255104792426777
0.6199954599522305
0.614492399336415
0.6090019301556051
0.6035246574703649
0.5980611692470725
0.5926120372221236
0.5871778177661349
0.5817590527481471
0.5763562703998286
0.5709699861796802
0.5656007036372359
0.5602489152772687
0.554915103423993
0.5495997410852679
0.5443032928168015
0.5390262155863528
0.5337689596379375
0.5285319693560286
0.5233156841297626
0.5181205392171403
0.5129469666092326
0.5077953958943823
0.5026660451289517
0.497558830321987
0.4924736667524049
0.4874108127459685
0.4823705632804891
0.4773531622144689
0.47235878514387386
0.46738764213121725
0.46243991722239447
0.45751577097173185
0.45261536233209515
0.4477388402103217
0.44288634239834496
0.4380579979453919
0.43325392807661
0.428474241300977
0.42371903570676694
0.4189883989922588
0.4142824115240209
0.40960115463319624
0.4049446946827438
0.40031308830476253
0.3957063831618507
0.3911246190152336
0.3865678377419
0.3820360701348705
0.3775293374290868
0.37304765321247335
0.36859102357713325
0.3641594555874256
0.35975295029654386
0.3553714990383288
0.35101508670666137
0.3466836917554613
0.34237728861289785
0.3380958607912271
0.3338393688794646
0.32960777480749925
0.3254010346747681
0.32121910513042357
0.3170619531795752
0.3129295261873005
0.3088217658312645
0.3047386096049673
0.3006799910480962
0.29664583997687644
0.2926360827144236
0.28865064232109466
0.2846894388248395
0.2807523894515527
0.27683940885542485
0.2729504093492941
0.269085301134998
0.2652439925337247
0.26142639021636427
0.25763239943386124
0.2538619252765072
0.2501148724203303
0.24639114377813834
0.24269064181070998
0.2390132687618136
0.23535892689038404
0.23172751870269837
0.22811894718455286
0.2245331160334391
0.22096992989072026
0.21742929457380758
0.21391111730833676
0.2104153069603443
0.20694177426844387
0.20349043207600254
0.20006119556331736
0.1966539793625619
0.19326860788138542
0.189904936256231
0.1865628577460028
0.18324226606227395
0.17994305548997674
0.17666512100809276
0.17340835841034305
0.17017266442587814
0.16695793683996826
0.16376407461469356
0.16059097800963404
0.15743854870255986
0.1543066899101215
0.15119530650853968
0.1481043051542958
0.14503359440482172
0.14198307772315055
0.1389526175934773
0.13594210751430266
0.13295144948331541
0.12998054662851607
0.12702930327908954
0.12409762503627798
0.12118541884425382
0.1182925930609922
0.1154190575291441
0.11256472364690903
0.10972950443890775
0.10691331462705532
0.10411607070143365
0.10133769099116445
0.09857809573528205
0.09583720715360616
0.09311493859799767
0.0904111857692736
0.08772586718982338
0.08505890389501812
0.08241021838977675
0.07977973468835903
0.07716737835415892
0.07457307653949756
0.07199675802541651
0.06943835326147083
0.06689779440552224
0.0643750153635323
0.06186995182935553
0.05938254132453257
0.05691272323808333
0.05446043886630006
0.052025631444452054
0.04960822795549724
0.047208153726455114
0.044825349867493716
0.04245975884279393
0.04011132448260507
0.03777999199530078
0.03546570797943472
0.03316842043579638
0.030888078779466838
0.028624633851874512
0.026378037932850918
0.024148244752686496
0.021935209504186304
0.01973888885472583
0.017559240958306768
0.015396225467612741
0.013249802612258143
0.011119918356680029
0.00900652751746108
0.006909591356757456
0.004829072355662274
0.0027649342158726467
0.0007171418613566984
-0.0013143385599794187
-0.0033295396746245037
-0.005328492881795286
-0.007311228351769407
-0.009277775024218391
-0.011228160606540647
-0.013162411572194416
-0.015080553159030792
-0.016982609367626654
-0.018868602959617693
-0.020738555456031368
-0.022592487135619867
-0.024430417033193142
-0.026252362937951825
-0.028058359469299448
-0.029848444507817103
-0.031622639043076016
-0.03338096334336732
-0.0351234369704766
-0.03685007879438915
-0.03856090700799501
-0.04025593914179417
-0.041935192078601635
-0.04359868206825259
-0.04524642474230757
-0.04687843512875748
-0.04849472766672889
-0.05009531622118898
-0.051680214097650834
-0.053249434056878486
-0.05480298832959206
-0.05634088863117291
-0.05786314617636877
-0.059369771693998874
-0.06086077766256301
-0.06233618099315169
-0.06379599311182449
-0.06524022478368247
-0.06666888649728471
-0.0680819884834527
-0.0694795407340744
-0.07086155302090842
-0.07222803491438828
-0.07357899580242658
-0.07491444490921921
-0.0762343913140495
-0.07753884397009246
-0.07882781172321898
-0.08010130333079998
-0.08135932748051067
-0.08260189280913463
-0.08382900792136819
-0.08504068140862443
-0.08623692186783748
-0.08741773820388256
-0.08858314176014821
-0.08973314243731301
-0.09086774972417398
-0.0919869732602442
-0.09309082285611484
-0.09417930851381692
-0.0952524404471834
-0.09631022910221103
-0.09735268517742224
-0.0983798196442272
-0.09939164376728565
-0.10038816912486882
-0.10136940762922148
-0.10233537154692368
-0.10328607351925287
-0.10422152658254571
-0.10514174418856008
-0.10604674022483693
-0.10693652903506223
-0.1078111254117727
-0.1086705421809819
-0.10951479303578524
-0.11034389356050224
-0.11115785983752575
-0.11195670846584457
-0.1127404565795664
-0.11350912186644037
-0.11426272258637996
-0.11500127758998577
-0.11572480633706804
-0.11643332891516969
-0.11712686605808889
-0.11780543916440182
-0.11846907031598554
-0.11911778229654063
-0.119751598610114
-0.12037054349962155
-0.12097464196537107
-0.12156391978358486
-0.12213840352492251
-0.12269843754474959
-0.12324332689874441
-0.12377350781496572
-0.124289005856478
-0.12478984755538523
-0.12527606041283068
-0.12574767289899696
-0.1262047144531062
-0.12664721548341962
-0.12707520736723804
-0.12748872245090162
-0.12788779404978984
-0.12827245644832153
-0.1286427448999549
-0.12899869562718755
-0.12934034582155646
-0.12966773364363793
-0.12998089822304765
-0.13027987965844068
-0.13056471901751146
-0.13083545721277828
-0.13109213069689385
-0.13133478093854287
-0.1315634510631608
-0.13177818505403735
-0.13197902775231693
-0.13216602485699794
-0.1323392229249334
-0.13249866937083069
-0.13264441246725148
-0.13277650134461194
-0.13289498599118246
-0.13299991725308805
-0.1330913468343079
-0.13316932721472485
-0.13323390921439723
-0.13328514528522864
-0.13332308972765652
-0.13334779764789828
-0.13335932495795114
-0.1333577283755921
-0.13334306542437813
-0.13331539443364604
-0.13327477453851244
-0.1332212656798738
-0.1331549286044065
-0.1330758248645668
-0.13298401681859062
-0.13287956763049402
-0.13276254173292582
-0.13263300473855538
-0.13249102248654476
-0.1323366616315122
-0.13216998964986043
-0.1319910748397765
-0.1317999863212318
-0.13159679403598207
-0.13138156874756746
-0.13115438204131238
-0.1309153063243257
-0.13066441482550062
-0.1304017815955146
-0.1301274815068296
-0.12984158971685572
-0.12954418000639406
-0.12923532871835672
-0.12891511325356517
-0.128583611788336
-0.12824090327448046
-0.12788706743930509
-0.1275221847856112
-0.12714633659169502
-0.12675960491134788
-0.12636207257385595
-0.1259538231840003
-0.12553494112205718
-0.12510551154379757
-0.12466564548149044
-0.12421536723799703
-0.12375479678996165
-0.12328402069453745
-0.12280312627200034
-0.12231220160025064
-0.12181133550931471
-0.12130061757584643
-0.12078013811762897
-0.1202499881880764
-0.11971025957073525
-0.11916104477378611
-0.11860243702454534
-0.1180345302639666
-0.11745741914114258
-0.11687119416194415
-0.11627594399399212
-0.11567176361260896
-0.11505874859600496
-0.11443699509018478
-0.11380659980063706
-0.11316765998402427
-0.11252027343987211
-0.11186453850225936
-0.1112005540315074
-0.11052841940586991
-0.10984823451322263
-0.10916009974275283
-0.10846411597664905
-0.10776038458179078
-0.10704900740143805
-0.10633008674692115
-0.10560372538933022
-0.10487002655120496
-0.10412909389822421
-0.10338103153089567
-0.10262594397624557
-0.10186393617950824
-0.10109511349581578
-0.10031958159065155
-0.09953743931031586
-0.09874878732318822
-0.09795373068689278
-0.09715237471089197
-0.09634482494521383
-0.09553118716917948
-0.0947115673801304
-0.0938860717821559
-0.0930548067748204
-0.09221787894189096
-0.09137539504006435
-0.09052746198769483
-0.08967418685352123
-0.08881567684539435
-0.08795203929900454
-0.0870833816666088
-0.08620981150575838
-0.08533143646802605
-0.08444836428773342
-0.08356070277067845
-0.08266855978286278
-0.08177204323921901
-0.08087126109233819
-0.07996632132119719
-0.07905733193840556
-0.07814440121076183
-0.07722763725950312
-0.076307148114045
-0.07538304177742079
-0.07445542621509993
-0.07352440934380612
-0.07259009902033588
-0.07165260303037665
-0.07071202907732528
-0.06976848477110631
-0.06882207761699022
-0.06787291500441188
-0.06692110419578876
-0.06596675231533933
-0.06500996633790142
-0.06405085307775037
-0.06308951917741755
-0.062126071096508584
-0.06116061510052173
-0.06019325724966611
-0.05922410338768016
-0.05825325913064986
-0.05728082985582708
-0.05630692069044797
-0.05533163670093335
-0.05435508366958092
-0.05337736629369489
-0.05239858882999167
-0.05141885524421494
-0.05043826920033049
-0.049456934049720805
-0.04847495282037982
-0.04749242820610763
-0.04650946255570512
-0.04552615786216872
-0.04454261575188508
-0.04355893747382579
-0.042575223888742006
-0.04159157545835924
-0.04060809223457198
-0.039624873848638435
-0.03864201950037519
-0.03765962794735197
-0.036677797494086235
-0.03569662598123796
-0.034716210774804315
-0.03373664875531431
-0.032758036307023564
-0.031780469307108976
-0.030804044259539056
-0.029828859426607932
-0.028855009949331527
-0.027882590295752893
-0.02691169441754196
-0.02594241574031072
-0.02497484715392832
-0.0240090810028363
-0.023045209076363687
-0.022083322599042197
-0.021123512220921372
-0.020165868007883732
-0.01921047943195997
-0.018257435361644078
-0.01730682405220851
-0.016358733136019352
-0.015413249612851489
-0.014470459840203722
-0.01353044952361398
-0.012593303706974448
-0.011659106762846736
-0.010727942382777028
-0.009799893567611259
-0.00887504261781026
-0.007953471123764915
-0.007034708449370794
-0.0061200511694894915
-0.00520890235975372
-0.0043013435657649765
-0.0033974554335725314
-0.00249731770967343
-0.0016010092410124925
-0.0007086079749823041
0.0001798090405767689
0.001064165657376585
0.0019443866266812319
0.002820397599307027
0.00369212512562251
0.004559496655548448
0.005422440538557834
0.006280886023675888
0.007134763259480057
0.007984003294100012
0.008828538075217657
0.009668300450067117
0.010503224165434736
0.011333243867659104
0.012158295102631016
0.012978314315793509
0.013793238822252668
0.01460300374072098
0.015407544804178592
0.016206800021000268
0.01700070808789255
0.017789208389893747
0.018572241000373933
0.01934974668103498
0.020121666897968897
0.020887946276879676
0.021648530506592833
0.022403364771989887
0.023152395119972788
0.023895568459463914
0.024632832561406078
0.02536413605876253
0.026089428445046303
0.026808659699983927
0.027521780583762475
0.028228742915667016
0.028929499349714546
0.029624003374654005
0.030312209313966287
0.03099407232586419
0.031669548403694216
0.03233859458296664
0.03300116879392062
0.03365722968309928
0.03430673674738828
0.03494965033401582
0.035585931640552675
0.03621554271491211
0.03683830046112871
0.03745452115870653
0.03806394204003979
0.0386665341956175
0.03926226871592872
0.03985111669146248
0.04043304921270783
0.0410080373701538
0.04157605225459636
0.04213707617901221
0.04269109288395406
0.04323807594361811
0.043777998932200524
0.04431083542389753
0.04483655899290528
0.04535514321341998
0.045866561659637824
0.04637078790575498
0.046867795525967676
0.047357558094472056
0.04784004918546434
0.048315242373140714
0.04878311123169735
0.04924362933533047
0.04969677025823623
0.050142507574610834
0.05058084888469778
0.051011846297242286
0.05143548784600887
0.051851759319925424
0.05226064650791982
0.05266213519891994
0.05305621118185367
0.05344286024564888
0.053822068179233434
0.05419382077153524
0.05455810381148217
0.05491490308800209
0.05526420439002289
0.05560599350647245
0.055940256226278635
0.05626697833836934
0.056586145631672434
0.0568977646181086
0.05720191864776429
0.05749861801222308
0.05778786251825046
0.05806965197261191
0.058343986182072885
0.05861086495339889
0.058870288093355386
0.059122255408707865
0.059366766706221784
0.05960382179266264
0.05983342047479589
0.06005556255938703
0.06027024785320153
0.06047747616300485
0.06067724729556251
0.060869561057639944
0.06105442469804905
0.06123192317843468
0.061402090912563455
0.06156494102670379
0.06172048664712412
0.06186874090009286
0.06200971691187841
0.06214342780874921
0.06226988671697368
0.06238910676282022
0.06250110107255726
0.06260588277245321
0.0627034649887765
0.06279386084779556
0.06287708347577878
0.0629531459989946
0.06302206154371144
