0.0
0.011545968293390859
0.02141395897691908
0.029712033380304148
0.0365529427137084
0.04204835975343499
0.04630944683468858
0.04945203022878901
0.051591005643094344
0.05283745123344818
0.05329979480701352
0.05308462646636466
0.05229436954073365
0.05102912081396087
0.04938619040229704
0.04746121186761675
0.045353440697162
0.04316975648159674
0.041031450328090836
0.03907394440990585
0.03745693990275263
0.03632937722788988
0.035748560201572306
0.03563294954341374
0.03583397104972958
0.036227920153487296
0.03672783099471335
0.03727787832723086
0.0378426368327459
0.03839916841141942
0.0389322353456428
0.03943182930226425
0.039891078732544626
0.04030508228211748
0.04067125469513534
0.04099057915697011
0.041270924627428464
0.04157292247961969
0.04223745932132033
0.043050197987847205
0.04383079391136763
0.04456544562438696
0.045253805735950836
0.045898208272657
0.046501766915814355
0.04706775421588075
0.04759972415377913
0.04810124599783682
0.04857595412155765
0.04902746667585322
0.04945926387056957
0.04987464674588873
0.05027678155021916
0.05066855713721925
0.05105243728393618
0.05143063493116414
0.051805255623093245
0.052177843743101665
0.05254941077363871
0.05292065409144958
0.05329217952571801
0.05366397756387809
0.054035557168391896
0.05440622022363125
0.05477542527143948
0.05514215366769579
0.055505113660047636
0.05586299113437828
0.05621487385701954
0.05655952821511996
0.05689559719346929
0.057222100505772984
0.05753736600514184
0.05784118435246328
0.05813227829216017
0.05840957261749573
0.05867256248095925
0.058920477478051805
0.059152632703569644
0.059368688602973
0.05956790532210585
0.059749848178879655
0.059914385592127126
0.06006093645702126
0.06018935979379759
0.060299608958942874
0.060391188908599854
0.06046449981091116
0.06051933373438313
0.0605555846263433
0.06057386526029622
0.06057442147172346
0.060557280272541356
0.06052243106114582
0.06046991311002283
0.060400791611059365
0.06031588971657136
0.06021579077984012
0.060100844334523576
0.059971182159497524
0.059828300778476576
0.0596734110759971
0.059507506561208186
0.05933148740155305
0.05914623106979299
0.05895354143632769
0.05875493536582547
0.05855177726577546
0.05834532521779715
0.05813684370991807
0.057928562021624566
0.05772235229990404
0.057519927731510045
0.0573228644551689
0.05713336220913346
0.056951569479750205
0.05678065771268576
0.05662153141540128
0.05647484247295942
0.05634091393357519
0.056220428111181706
0.056113672599929186
0.056020195210854974
0.05593931135558051
0.05587000718741598
0.055811391676856344
0.05576103222635099
0.0557179978810452
0.055678741896903174
0.05564241098966666
0.05561036119952858
0.05557840196530586
0.05554323653671841
0.05550671151321627
0.055469513198536
0.05542487012961173
0.05537348040318617
0.055318282640286716
0.0552547263090174
0.05518078230356141
0.05509899031840532
