0.0
0.00047010397350371783
0.0009266649271740761
0.001369964455529025
0.0018021625605468565
0.002221309134271514
0.0026258593569060927
0.0030170951858384267
0.0033957220031513072
0.0037617600587042895
0.004115494136407383
0.004457168474761341
0.0047868066709078625
0.005104706446498287
0.00541093196709807
0.005705769970104231
0.005989335611811478
0.006262087444006979
0.0065241286884459215
0.0067755648666392035
0.007016514662972407
0.007247108277338557
0.007467485757323589
0.007677795303498481
0.00787819154612666
0.008068833795847873
0.008249888188815366
0.00842155824702329
0.008584040799051397
0.008737531140688889
0.008882227356055936
0.009018328998951717
0.009146035742939066
0.009265546005335653
0.009377055552788234
0.009480756098893765
0.009576833830392857
0.009665444511703807
0.00974674873589741
0.009820925772358258
0.0098881521652994
0.009948601212099615
0.010002442418442442
0.010049840929008671
0.010090956932944942
0.01012594504390894
0.010154953655202255
0.010178145544215589
0.010195736868234792
0.01020789789632208
0.010214792738712947
0.010216582962252436
0.010213427256630811
0.010205481066869092
0.010192896190638647
0.010175820339467161
0.010154396663483735
0.01012866787966163
0.010099034611306922
0.010065515444006964
0.010028263949542168
0.009987432754442842
0.00994317319249342
0.009895634963073382
0.009844965794146218
0.009791311109599172
0.009734813701467024
0.009675613408377427
0.009613824670562402
0.009549560578019511
0.009482966223841939
0.00941418785017639
0.009343373085542126
0.00927067131674767
0.009196234100843977
0.0091202156174487
0.009042773161190204
0.008964067673160865
0.00888426430904649
0.008803533039930547
0.008722049279517323
0.008639994528557689
0.008557557023402471
0.008474932370695406
0.008392324144040971
0.008309944410918861
0.008228014149036917
0.008146763500817786
0.008066431803058598
0.007987222598164765
0.007909070825384832
0.007832150509265426
0.0077567061540795065
0.00768299550296042
0.007611288565153663
0.0075418657614471545
0.007475015018786188
0.007411027680592169
0.0073501931710223045
0.007292792464825319
0.007239090567461638
0.007189328388846099
0.007143714570424708
0.007102417959671415
0.007065561475691421
0.007033218042481704
0.007005409075843537
0.006982105722704054
0.006963232723931226
0.006948674472915323
0.0069382826325465
0.006931672283745109
0.006928192863133499
0.0069272802696400005
0.006928800004873647
0.006932661231706138
0.0069387110951484145
0.0069467013855810545
0.006956448049881667
0.0069677769773485825
0.006980522117950147
0.00699453204098401
0.007009667662415101
0.0070258006392005445
0.007042813925669984
0.007060601570336671
0.007079065054911684
0.007098113593364684
0.007117663230859976
0.0071376379382579085
0.007157974275758521
0.007178610379626795
0.007199488504449172
0.00722055480990635
0.0072417594795401476
0.007263063406487668
0.007284428162028289
0.007305816516655067
0.0073271933224689535
0.007348525174120938
0.007369786627656616
0.007390954385123653
0.0074120039907841755
0.007432912036732155
0.0074536558331158576
0.00747421514153011
0.007494582977211985
0.0075147382678498725
0.007534666090176316
0.007554351360728944
0.007573784957984062
0.007592973254847425
0.0076119077991935015
0.0076305790461392116
0.007648977632877286
0.007667094390326098
0.007684920366366773
0.007702446860940444
0.007719665473601379
0.007736568164505916
0.007753147330270462
0.007769395896689497
0.007785307431016016
0.007800876277411227
0.007816097720370747
0.00783096818250828
0.00784548546520845
0.007859660863872714
0.007873513671707848
0.007887053391295843
0.007900292725552122
0.00791324822512321
0.007925941075648844
0.007938398121485534
0.007950653215322795
0.007962749018211132
0.007974739420409035
0.007986692807794436
0.007998696447845838
0.00801086227091124
0.008023334167418128
0.008036296366745287
0.00804998106002865
0.008064670626975185
0.008080690004206862
0.008098374121475042
0.008117984382545585
0.00813962394443714
0.008163197536499061
0.00818844479117877
0.008215022278717742
0.008242582781222408
0.008270822217201308
0.008299495235980257
0.008328412648019106
0.00835743191811282
0.008386446763233382
0.008415378196405717
0.008444167525664126
0.008472771116165762
0.008501155711455273
0.008529291023307359
0.008557156042968604
0.008584735645228091
0.008612018664494887
0.008638997064683566
0.008665665310414846
0.00869201988460366
0.008718058913156544
0.008743781868529426
0.008769189331677807
0.008794282797461613
0.008819064512517566
0.008843537337458133
0.008867704627330195
0.008891570125786744
0.008915137869555488
0.008938409883379007
0.008961384827263595
0.00898406631990981
0.009006458411098978
0.009028565318867223
0.009050391397104368
0.009071941104226522
0.009093218972306636
0.009114229576151352
0.009134977501898218
0.00915546731478118
0.009175703525766406
0.009195690556817663
0.00921543270459095
0.009234934102401494
0.009254198680337875
0.00927323012479696
0.009292035078325388
0.009310621276124491
0.009328994237324556
0.009347159532189151
0.009365122769136064
0.009382889579952054
0.009400465603077644
0.009417856464847559
0.009435067758588203
0.009452105021481074
0.0094689737091183
0.009485679167685251
0.00950222660372416
0.009518621051442503
0.009534867337550483
0.009550970043625944
0.009566933545451281
0.009582763623955826
0.009598466106280068
0.009614046432925941
0.009629509977921101
0.009644862026665809
0.009660107751520172
0.00967525218508641
0.009690300191151456
0.009705256433265995
0.009720125340947997
0.009734911073511371
0.009749617481532311
0.009764248065983696
0.00977880593507857
0.009793293758882476
0.009807713721770908
0.0098220674728226
0.009836356074261912
0.009850579948077054
0.00986473882096334
0.00987884146693113
0.009892899758396499
0.009906917313683379
0.00992089761338166
0.009934843981455915
0.009948759564598968
0.009962647309845665
0.009976509940434801
0.009990349929913146
0.010004169474482691
0.010017970463599998
0.010031754448843244
0.010045522611071575
0.01005927572590778
0.010073014127584833
0.010086737671203272
0.010100445693455891
0.010114136971882673
0.010127809682729276
0.01014146135748699
0.01015509440000879
0.010168723443628486
0.010182350647741546
0.010195977106264985
0.010209603726704963
0.010223231211582848
0.010236860038458093
0.010250490438546098
0.010264122373934067
0.01027775551340461
0.010291389206877801
0.010305022458489934
0.010318653898331413
0.010332281752868527
0.010345903814081231
0.010359517407351285
0.010373119358140847
0.010386705957503805
0.010400272926478384
0.010413815379410732
0.01042732998117278
0.010440831655371668
0.01045432382044693
0.010467805640526292
0.010481276144848001
0.010494734212507047
0.010508178555871665
0.010521607702667544
0.010535019976727181
0.010548413477410383
0.010561786057698405
0.01057513530097489
0.0105884584965041
0.010601752613622678
0.010615014274664457
0.010628239726638695
0.010641424811688217
0.010654564936352664
0.010667655039667715
0.010680689560133438
0.010693662591082743
0.010706584717228976
0.010719464164416432
0.010732299524940087
0.010745089313859748
0.010757831953108156
0.010770525754328956
0.01078316890044805
0.010795759425982722
0.010808295196094834
0.010820773884397578
0.010833192949526846
0.010845549610490328
0.010857840820809853
0.010870063241474492
0.010882213212723122
0.010894286724678914
0.01090627938685704
0.01091818639657241
0.010930002506272856
0.01094172198982622
0.010954101414072008
0.010965460626245618
0.010976780037404528
0.010988051252238795
0.010999266778626473
0.011010419922005184
0.011021504682250839
0.011032515653139256
0.01104344792446564
0.011054296986901005
0.011065058639662336
0.011075728901072321
0.011086303922089463
0.011096779902882449
0.011107153012526724
0.011117419311898111
0.011127574679835935
0.011137614742648445
0.011147534807028077
0.011157329796444302
0.01116699779427677
0.011176553969187564
0.011186000292784264
0.01119533605439283
0.011204560364133751
0.011213672113830429
0.011222669941125302
0.011231552196848333
0.011240316915678665
0.011248961790139435
0.011257484147961554
0.011265880932852544
0.011274148688703273
0.01128228354726537
0.011290281772025429
0.011298155999563547
0.011305912650464746
0.011313550744866336
0.011321068984014712
0.011328465737027683
0.011335739030890617
0.011342886543713487
0.011349905601274773
0.011356793176876845
0.011363545894540649
0.011370160035565725
0.011376631548488104
0.011382956062466362
0.011389128904135489
0.011395157981311601
0.011401060243494817
0.011406835211723473
0.011412481924562776
0.011417999104931917
0.011423385151020926
0.011428638130301112
0.011433755776653719
0.011438735490643804
0.011443574342963897
0.01144826908107703
0.011452816139086913
0.011457211650869306
0.011461451466499665
0.011465536188190985
0.011469485976138597
0.011473303227942872
0.011476987366591399
0.011480537514323047
0.011483952482536098
0.011487230764645816
0.011490370531916129
0.011493369632293362
0.011496225592266979
0.011498935621786936
0.011501496622264972
0.011503905197693355
0.011506157668914569
0.011508115225086388
0.011510110212180203
0.011511959102396786
0.011513664507057526
0.011515228253934062
0.01151665143318059
0.011517934443396485
0.011519077037764393
0.011520078370213042
0.01152093704155937
0.011521651145588596
0.011522218315038564
0.011522635767457243
0.01152290035091222
0.011523008589531722
0.011522975084130353
0.011522822482203493
0.011522550845677928
0.011522159933956612
0.011521649321390192
0.01152101840981943
0.011520266439218567
0.011519392496415736
0.01151839552186828
0.011517274314474694
0.011516027534405992
0.01151465370394288
0.01151315120630624
0.011511518282472006
0.011509753025962093
0.011507853375606595
0.011505817106274322
0.01150364181756999
0.011501324920499507
0.011498863622106476
0.01149625490808492
0.011493495523375885
0.011490581950757089
0.011487510387437587
0.011484277088392168
0.011480907096460973
0.011477419190571343
0.011473815469801727
0.011470098008813361
0.011466268824810619
0.011462329841867002
0.011458282852625621
0.01145412947738498
0.011449871120587303
0.011445508924728448
0.011441043721714712
0.011436475981695603
0.011431805759407275
0.011427032638065259
0.011422155670852177
0.011417173320050251
0.011412083393874704
0.011406882981070196
0.011401568383336908
0.011396135045662177
0.011390577484634732
0.011384889214829264
0.011379062673352458
0.011373089142647674
0.011366962304657877
0.011360724810785792
0.01135439368713887
0.011347971182631962
0.011341459504797053
0.011334860802233017
0.011328177146071514
0.011321410510463085
0.011314562752088067
0.011307635588700102
0.011300630576709778
0.011293549087818981
0.011286392284716706
0.011279161095850674
0.011271856189288686
0.011264477945686451
0.011257026430380674
0.011249501364626865
0.011241902096003368
0.011234227568005826
0.011226476288856637
0.01121864629955622
0.011210735141205201
0.011202739821627125
0.011194656781325025
0.011186487976919393
0.011178265336391427
0.011169996395544203
0.011161683764423506
0.011153329970430968
0.011144937442154845
0.011136508492455512
0.011128045300810815
0.011119549894925631
0.011111024131612508
0.011102469676951152
0.01109388798573666
0.011085280280225695
0.011076647528194112
0.01106799042031776
0.011059309346892967
0.01105060437391063
0.011041875218503935
0.011033121223786803
0.011024341333104643
0.011015534063719206
0.011006697479950794
0.010997829165803474
0.010988926197098873
0.01097998511314788
0.01097101414494542
0.01096204587043071
0.010953085142847324
0.010944135010088828
0.010935198471672956
0.010926278465580367
0.010917377854357162
0.010908499410479288
0.010899645800979263
0.010890819571336917
0.010882023128637282
0.010873258723999645
0.010864528434285323
0.010855834143091235
0.010847177521040202
0.010838560005378632
0.010829982778896338
0.01082144674818391
0.010812952521245025
0.010804500384484042
0.01079609027909079
0.01078772177684655
0.010779394055377775
0.010771105872885642
0.010762855542383114
0.010755777819125243
0.010747410034027778
0.010739161259373098
0.010731027589761405
0.010723005752460487
0.010715093029566232
0.010707287181421688
0.01069958637136893
0.01069198909191229
0.010684494092374444
0.010677100308128575
0.01066980679149429
0.010662612644385085
0.010655516952798606
0.010648518723241346
0.010641616821181407
0.010634809911621305
0.010628096401885178
0.010621474386711734
0.010614941595743776
0.010608495343502925
0.010602132481935408
0.010595849355610988
0.010589641759653858
0.01058350503463075
0.01057744786113412
0.010571479817789982
0.010565603802951247
0.01055982310678625
0.010554141396616368
0.010548562703598397
0.010543091410778827
0.010537732186822012
0.010532481408339537
0.01052733427402546
0.010522290300355343
0.010517348594264512
0.010512507841510409
0.01050776629765207
0.010503121781653696
0.010498571688062931
0.0104941170048339
0.010489758986448026
0.01048549617738512
0.010481326857760143
0.01047724903490402
0.010473260437165264
0.010469358509928367
0.010465540419283222
0.010461805818478902
0.010458154720567856
0.01045458512646376
0.010451094854821243
0.010447681535155849
0.01044434260290584
0.010441075296433214
0.010438447537943776
0.01043508151969814
0.010431863186947261
0.010428769233722728
0.010425779206253209
0.010422875587827748
0.010420043879642777
0.010417272677554155
0.01041455374367674
0.010411845003409137
0.010409101785956523
0.010406315637545302
0.01040348133342819
0.010400596939682212
0.010397663870778886
0.010394686942966995
0.010391674423517289
0.010388638075880523
0.010385593200812148
0.010382558673516644
0.010379556976860972
0.01037661423070266
0.010373760217372742
0.010371028403346439
0.010368455957127338
0.01036608376336257
0.010363826589768971
0.010361430343228312
0.01035888653731148
0.010356198539390826
0.010353373085136302
0.010350420320355144
0.01034735383906432
0.010344190717856994
0.010340951546621627
0.010337660455665159
0.010334345139285946
0.01033103687583468
0.010327770544292405
0.010324584637387555
0.010321521271263137
0.010318626191698939
0.010315948776882466
0.010313460976488015
0.01031083568530259
0.01030803213332346
0.01030505364703381
0.010301906822629379
0.010298601564657298
0.010295151121209014
0.010291572115717296
0.010287884575403854
0.01028411195641898
0.01028028116570736
0.0102764225796289
0.010272570059353997
0.010268760963046224
0.010265036154836557
0.010261440010584853
0.0102580204204175
0.010254798580520245
0.01025148230890136
0.010247985010001494
0.010244309297286662
0.010240460922976308
0.010236448815429584
0.010232285113327265
0.010227985196687236
0.010223567714747863
0.010219054610749012
0.010214471143636885
0.010209845906711904
0.010205210843233694
0.010200601258988752
0.010196055831821713
0.01019161661812178
0.010187329056250305
