0.0
0.04506190632145526
0.0770889895690808
0.09781566104171142
0.10906936520503178
0.11269829809121266
0.11049634337456479
0.10418111130899392
0.09541557130008849
0.08596489468273058
0.07801886951671988
0.0740173105737583
0.07400279345475314
0.07587864323866644
0.0783042269286503
0.08071355856157174
0.08285670177884014
0.08461204530030417
0.0859416199804574
0.08789830120559183
0.09127355924034578
0.09426211765379262
0.09688978757079612
0.0992158845765376
0.1013017839677057
0.10320716536044273
0.10498717125406952
0.10669010530935993
0.10835473779407438
0.11000934771604304
0.11166900507198067
0.11333723349563399
0.11500609002774159
0.11666123873041678
0.11828312824792797
0.11985215161387688
0.121348234200446
0.12275417219684259
0.12405400877945623
0.12523502933013902
0.12628653383162003
0.12719931908474535
0.12796636632247865
0.12858264805775654
0.12904522537317337
0.12935284690734264
0.12950791483874555
0.12951193288379342
0.12937162292370727
0.1290967844054013
0.12869673129168677
0.12818808399739268
0.12758780031943684
0.12691734286383857
0.12620128088574945
0.12546543571067237
0.12474124090618077
0.12405965214857949
0.12344900878531437
0.12293668917551226
0.12253701860396977
0.1222562661485548
0.1220868089680935
0.12201021502968641
0.12199820322375744
0.12202229105879081
0.12205398198351224
0.12207059580431927
0.1220432262008265
0.1219601023637993
0.12179748849162751
