1.0
0.9999010857685297
0.9996070631098666
0.9991227654702615
0.9984522426244166
0.9976010121543971
0.996574413922976
0.9953765409285971
0.994011691624098
0.9924844179073835
0.9907989771020437
0.9889595815164783
0.9869705520975424
0.984835926951469
0.9825598528028923
0.9801462288645557
0.977599045251049
0.9749219902290398
0.9721189109549778
0.9691935784070886
0.966149679151125
0.9629908153403678
0.9597205047156252
0.9563421806052329
0.9528591919250547
0.9492748031784817
0.9455922306909184
0.9418148997087135
0.9379459969885316
0.9339885779203465
0.929945623928831
0.9258200424733561
0.9216146670479929
0.9173322571815106
0.9129754984373772
0.9085470024137603
0.9040493077517959
0.8994852410035323
0.8948576112731882
0.8901689311104719
0.8854216555959182
0.8806181823408882
0.8757608514875695
0.8708519457089764
0.8658936902089486
0.8608882527221533
0.8558377435140835
0.8507442814949407
0.8456101014522396
0.84043723883459
0.8352276663347136
0.829983306526238
0.8247060318636991
0.8193976646825383
0.8140599771991047
0.8086946915106541
0.803303479595349
0.7978873907356991
0.7924496147895163
0.786990899481478
0.7815128275639416
0.7760169332473105
0.7705047028819023
0.7649775756398179
0.7594369441968104
0.7538841554141513
0.7483205110205018
0.7427472682937785
0.7371658183848686
0.7315775982492709
0.7259838089587329
0.7203856144421311
0.7147841429970238
0.7091804881254243
0.703575709369574
0.6979708331477154
0.6923668535898645
0.686764733373586
0.681165404559763
0.6755697694283735
0.6699787013142608
0.6643930454429083
0.6588136197662117
0.6532412157982521
0.6476765994510696
0.6421205118704357
0.6365736702716269
0.6310367687751972
0.6255104792427519
0.6199954599524691
0.6144923993368053
0.6090019301561534
0.603524657471075
0.5980611692479457
0.5926120372231585
0.5871778177673269
0.5817590527494888
0.5763562704013094
0.5709699861812854
0.5656007036389473
0.5602489152790638
0.5549151034258454
0.5495997410871459
0.5443032928186686
0.5390262155881683
0.5337689596396545
0.5285319693575952
0.5233156841311203
0.5181205392182254
0.5129469666099744
0.5077953958947037
0.5026660451290446
0.49755883032204123
0.49247366675257515
0.48741081274614734
0.48237056328065137
0.4773531622146264
0.47235878514403296
0.4673876421313556
0.46243991722252886
0.4575157709718623
0.4526153623322217
0.4477388402104443
0.44288634239846497
0.438057997945505
0.43325392807671625
0.42847424130107864
0.4237190357068678
0.418988398992365
0.41428241152412554
0.4096011546332932
0.40494469468283506
0.4003130883048519
0.39570638316194434
0.39112461901533035
0.3865678377419885
0.3820360701349523
0.3775293374291655
0.37304765321255484
0.3685910235772221
0.36415945558750595
0.3597529502966168
0.35537149903839754
0.35101508670673126
0.3466836917555407
0.3423772886129624
0.33809586079128906
0.3338393688795234
0.3296077748075584
0.32540103467483456
0.3212191051304581
0.31706195317955355
0.3129295261872216
0.3088217658311289
0.3047386096047776
0.30067999104785625
0.29664583997659183
0.29263608271410113
0.2886506423207422
0.28468943882446596
0.28075238945116776
0.2768394088550387
0.2729504093489178
0.2690853011346423
0.2652439925334007
0.261426390216083
0.2576323994336332
0.2538619252763397
0.2501148724202326
0.24639114377811897
0.24269064181077646
0.2390132687619724
0.23535892689063984
0.23172751870305444
0.22811894718501055
0.2245331160339975
0.2209699298913763
0.21742929457455554
0.2139111173091682
0.2104153069612477
0.20694177426940435
0.20349043207700174
0.2000611955643332
0.19665397936357226
0.19326860788239597
0.1899049362572452
0.1865628577470243
0.18324226606330643
0.17994305549102396
0.17666512100915835
0.17340835841143054
0.17017266442699083
0.1669579368411092
0.16376407461586534
0.16059097801083894
0.15743854870379945
0.15430668991139673
0.15119530650985083
0.1481043051556421
0.14503359440620156
0.14198307772452867
0.1389526175948188
0.1359421075156083
0.1329514494845864
0.12998054662975403
0.12702930328029652
0.12409762503745662
0.12118541884540711
0.11829259306212375
0.11541905753025802
0.11256472364800996
0.10972950444000096
0.10691331462814656
0.10411607070252937
0.1013376909922717
0.09857809573640851
0.09583720715476018
0.09311493859911879
0.09041118577034091
0.08772586719083834
0.08505890389598268
0.08241021839069362
0.07977973468923169
0.07716737835499157
0.07457307654029531
0.07199675802618534
0.06943835326221776
0.0668977944062553
0.06437501536426067
0.06186995183008956
0.05938254132528386
0.05691272323886476
0.054460438867125975
0.052025631445335584
0.04960822795632799
0.047208153727232915
0.0448253498682189
0.04245975884346728
0.04011132448322797
0.037779991995875215
0.03546570797996337
0.03316842043628272
0.030888078779915142
0.028624633852289985
0.02637803793323977
0.024148244753056
0.021935209504544907
0.01973888885508323
0.01755924095867398
0.015396225468002244
0.013249802612651303
0.011119918356996454
0.009006527517691548
0.006909591356893245
0.004829072355695323
0.002764934215795747
0.0007171418611636586
-0.0013143385602935585
-0.0033295396750632855
-0.005328492882360602
-0.007311228352461293
-0.009277775025034796
-0.011228160607477184
-0.013162411573244121
-0.015080553160183861
-0.016982609368870197
-0.018868602960935427
-0.020738555457403347
-0.022592487137022218
-0.024430417034597703
-0.0262523629393259
-0.02805835947060412
-0.029848444509051462
-0.03162263904423938
-0.03338096334445911
-0.035123436971496357
-0.03685007879533647
-0.03856090700886951
-0.040255939142595426
-0.04193519207932915
-0.04359868206890575
-0.04524642474288555
-0.04687843512925923
-0.04849472766715304
-0.05009531622153379
-0.05168021409791414
-0.053249434057057565
-0.05480298832968363
-0.05634088863117303
-0.05786314617627274
-0.059369771693801164
-0.06086077766222102
-0.06233618099264791
-0.0637959931111577
-0.06524022478285188
-0.06666888649629008
-0.06808198848229424
-0.06947954073275284
-0.07086155301942504
-0.07222803491274499
-0.07357899580062584
-0.07491444490726415
-0.07623439131194387
-0.07753884396784076
-0.07882781172082637
-0.08010130332827237
-0.08135932747785471
-0.08260189280635784
-0.08382900791847879
-0.08504068140563158
-0.0862369218647512
-0.08741773820069723
-0.08858314175684581
-0.08973314243389657
-0.09086774972064644
-0.0919869732566084
-0.09309082285237334
-0.09417930850997215
-0.09525244044323744
-0.09631022909816565
-0.09735268517327891
-0.09837981963998688
-0.09939164376294889
-0.10038816912043569
-0.10136940762469135
-0.10233537154229537
-0.10328607351452451
-0.1042215265777147
-0.10514174418362295
-0.10604674021978934
-0.10693652902989899
-0.10781112540649561
-0.10867054217564796
-0.10951479303039549
-0.11034389355505712
-0.11115785983202495
-0.11195670846028712
-0.1127404565739505
-0.11350912186076344
-0.11426272258063848
-0.11500127758417517
-0.1157248063311828
-0.11643332890920313
-0.11712686605203311
-0.11780543915824775
-0.11846907030972273
-0.11911778229015721
-0.11975159860359659
-0.12037054349295526
-0.12097464195853934
-0.12156391977656938
-0.12213840351770323
-0.12269843753975186
-0.12324332689333947
-0.12377350780921936
-0.12428900585044883
-0.12478984754912473
-0.1252760604063834
-0.12574767289240085
-0.1262047144463926
-0.1266472154766138
-0.12707520736035907
-0.12748872244396264
-0.12788779404279832
-0.12827245644127946
-0.12864274489285893
-0.12899869562002936
-0.12934034581432263
-0.1296677336363105
-0.1299808982156041
-0.1302798796508542
-0.13056471900975108
-0.13083545720493142
-0.13109213068906256
-0.13133478093073112
-0.1315634510553709
-0.13177818504627034
-0.13197902774457232
-0.13216602484927403
-0.13233922291722733
-0.13249866936313842
-0.132644412459568
-0.13277650133693114
-0.13289498598349744
-0.13299991724539095
-0.1330913468265903
-0.1331693272069955
-0.13323390920672212
-0.1332851452776132
-0.13332308972010623
-0.13334779764041854
-0.13335932495054725
-0.13335772836826948
-0.13334306541714197
-0.13331539442650164
-0.133274774531465
-0.13322126567292866
-0.1331549285975689
-0.13307582485784186
-0.1329840168119838
-0.13287956762401054
-0.13276254172655153
-0.13263300473228798
-0.13249102248038355
-0.13233666162545626
-0.13216998964390836
-0.13199107483392655
-0.1317999863154818
-0.13159679403032953
-0.13138156874200946
-0.1311543820358457
-0.13091530631894666
-0.13066441482020522
-0.13040178159029855
-0.13012748150168818
-0.12984158971180748
-0.12954418000145665
-0.12923532871353102
-0.12891511324885171
-0.1285836117837347
-0.12824090326999082
-0.12788706743492587
-0.1275221847813406
-0.12714633658753038
-0.12675960490728583
-0.12636207256989232
-0.12595382318013013
-0.12553494111827435
-0.1251055115400951
-0.12466564547789859
-0.12421536723450739
-0.12375479678657811
-0.12328402069126317
-0.12280312626883769
-0.12231220159720126
-0.12181133550637936
-0.12130061757302511
-0.12078013811492078
-0.12024998818547952
-0.11971025956824687
-0.11916104477140252
-0.11860243702226175
-0.11803453026177715
-0.11745741913904027
-0.1168711941599438
-0.11627594399210016
-0.11567176361083058
-0.11505874859434538
-0.11443699508864924
-0.11380659979923088
-0.1131676599827526
-0.11252027343874017
-0.11186453850127222
-0.11120055403067008
-0.11052841940518729
-0.10984823451269934
-0.10916009974239332
-0.10846411597645757
-0.10776038458177122
-0.10704900740159397
-0.10633008674725575
-0.10560372538984619
-0.10487002655190457
-0.10412909389910914
-0.10338103153196702
-0.10262594397750376
-0.10186393618095291
-0.10109511349744585
-0.10031958159245684
-0.09953743931223925
-0.0987487873252308
-0.09795373068905554
-0.09715237471317568
-0.09634482494761913
-0.09553118717170676
-0.09471156738277979
-0.09388607178492729
-0.09305480677771334
-0.09221787894490457
-0.0913753950431975
-0.09052746199094582
-0.08967418685688792
-0.0888156768488741
-0.08795203930259411
-0.08708338167030434
-0.0862098115095554
-0.08533143647191924
-0.08444836429171679
-0.08356070277474519
-0.08266855978700513
-0.08177204324342832
-0.08087126109660481
-0.07996632132551035
-0.07905733194275537
-0.07814440121514461
-0.07722763726391366
-0.07630714811847805
-0.07538304178187098
-0.07445542621956179
-0.0735244093482741
-0.07259009902480433
-0.07165260303483988
-0.07071202908177751
-0.0697684847755417
-0.0688220776214029
-0.06787291500879591
-0.0669211042001382
-0.0659667523196482
-0.0650099663421637
-0.06405085308196004
-0.06308951918156858
-0.06212607110059497
-0.06116061510453745
-0.06019325725360521
-0.05922410339153669
-0.05825325913441793
-0.05728082985950086
-0.05630692069402168
-0.05533163670441692
-0.05435508367298363
-0.05337736629701188
-0.05239858883321798
-0.051418855247345505
-0.050438269203360114
-0.04945693405264422
-0.04847495282319162
-0.04749242820880228
-0.04650946255827692
-0.04552615786461185
-0.04454261575419354
-0.04355893747599341
-0.04257522389076243
-0.04159157546022592
-0.04060809223627816
-0.03962487385017714
-0.038642019501739226
-0.03765962794853388
-0.03667779749507831
-0.03569662598203223
-0.034716210775392504
-0.03373664875568788
-0.03275803630717366
-0.03178046930702637
-0.030804044259303578
-0.029828859426253906
-0.028855009948859835
-0.02788259029516432
-0.026911694416837138
-0.025942415739490104
-0.024974847152992155
-0.024009081001784588
-0.02304520907519614
-0.0220833225977582
-0.021123512219519955
-0.020165868006363538
-0.01921047943031917
-0.018257435359880385
-0.017306824050319095
-0.016358733134000807
-0.015413249610699783
-0.014470459837914167
-0.013530449521181164
-0.012593303704392194
-0.011659106760108047
-0.010727942379874036
-0.009799893564535173
-0.008875042614551298
-0.007953471120312272
-0.0070347084507021655
-0.006120051170023183
-0.005208902359582867
-0.004301343564974242
-0.0033974554322383443
-0.002497317707864223
-0.0016010092387889396
-0.0007086079723975572
0.00017980904347684052
0.001064165660553161
0.0019443866301023017
0.002820397602947146
0.0036921251294625727
0.0045594966595754426
0.005422440542764609
0.0062808860280609115
0.007134763264047184
0.00798400329885824
0.008828538080180897
0.009668300455253942
0.010503224170868164
0.011333243873366343
0.012158295108643235
0.012978314322145596
0.013793238828960257
0.01460300374761065
0.015407544811220619
0.01620680002816099
0.017000708095134345
0.017789208397175005
0.01857224100764906
0.01934974668825433
0.02012166690509438
0.020887946284038995
0.021648530513786783
0.022403364779220666
0.023152395127243763
0.023895568466779416
0.02463283256877115
0.025364136066182718
0.026089428452525484
0.026808659707498683
0.027521780591311117
0.028228742923247417
0.028929499357324057
0.029624003382289345
0.03031220932162342
0.030994072333538247
0.03166954841138015
0.032338594590676485
0.03300116880165365
0.033657229690854475
0.03430673675516419
0.034949650341810544
0.03558593164836373
0.036215542722736416
0.03683830047268913
0.03745452116905037
0.038063942049472506
0.03866653420440042
0.03926226872427901
0.03985111669955317
0.04043304922066781
0.04100803737806781
0.04157605226251084
0.04213707618804642
0.042691092894137965
0.04323807595493499
0.043777998944587046
0.04431083543724365
0.04483655900705434
0.04535514322816865
0.04586656167473612
0.04637078792090628
0.04686779554082864
0.047357558108652775
0.047840049198528196
0.048315242384604426
0.04878311124103102
0.04924362934195751
0.04969677026153341
0.050142507573908264
0.050580848885376894
0.051011846300694594
0.05143548785203578
0.05185175932826896
0.052260646518262656
0.05266213521088534
0.05305621119500556
0.0534428602594918
0.053822068193212565
0.05419382078503635
0.054558103823831694
0.054914903098467076
0.05526420439781101
0.055605993510732
0.05594025622609854
0.05626697833277916
0.056586145619642356
0.05689776460506488
0.05720191863808583
0.05749861800570877
0.05778786251462748
0.058069651971535796
0.058343986183127514
0.05861086495609643
0.058870288097136375
0.059122255412941145
0.05936676671020455
0.0596038217956204
0.05983342047588249
0.060055562557684655
0.06027024784772069
0.060477476152684395
0.06067724727926959
0.060869561034170086
0.06105442467067979
0.06123192315500385
0.06140209089356839
0.06156494101253952
0.06172048663808334
0.061868740896365966
0.06200971691355349
0.06214342781581202
0.06226988672930767
0.062389106780206545
0.06250110109467473
0.06260588279887835
0.0627034650189835
0.0627938608811563
0.06287708351156283
0.06295314603636921
0.06302206158174155
