1.0
1.0
0.9998
0.999405
0.99881992
0.9980496006999999
0.997098804205
0.99597221473467
0.994674439337367
0.9932100086081829
0.9915833774107141
0.9897989256022502
0.987860958762086
0.9857737089226675
0.983541335303289
0.9811679250460653
0.9786574939539082
0.9760139872302444
0.973241280220216
0.9703431791531137
0.9673234218857943
0.964185678646846
0.9609335527812654
0.9575705814954184
0.9541002366020639
0.9505259252652212
0.946850990744671
0.9430787131398851
0.9392123101331806
0.9352549377319079
0.9312096910094784
0.927079604845049
0.9228676546616832
0.9185767571628117
0.9142097710668262
0.9097694978396368
0.9052586824250352
0.9006800139727066
0.8960361265637392
0.891329599933484
0.8865629601916234
0.8817386805393089
0.8768591819832362
0.871926834046526
0.8669439554762876
0.8619128149477405
0.8568356317647813
0.8517145765568777
0.846551771972184
0.841349293366771
0.8361091694898672
0.8308333831650161
0.8255238719670515
0.820182528894803
0.8148112030394423
0.809411700248386
0.8039857837846763
0.7985351749817592
0.7930615538935888
0.7875665599399851
0.7820517925471779
0.7765188117834718
0.770969138989971
0.7654042574063049
0.7598256127912983
0.754234614038533
0.748632633786751
0.7430210090250522
0.7374010416928392
0.7317739992744701
0.7261411153885776
0.7205035903720177
0.7148625918584128
0.7092192553512575
0.7035746847915566
0.6979299531199681
0.6922861028334246
0.6866441465362114
0.6810050674854787
0.6753698201311703
0.6697393306503503
0.6641144974759146
0.6584961918196729
0.6528852581897907
0.6472825149025823
0.6416887545886468
0.6361047446933431
0.630531227971598
0.6249689229770469
0.6194185245455063
0.6138807042727793
0.6083561109867964
0.6028453712140969
0.5973490896406558
0.5918678495670644
0.5864022133580722
0.5809527228865015
0.5755198999715453
0.5701042468114614
0.5647062464106772
0.5593263630013195
0.5539650424591877
0.5486227127141852
0.5432997841552313
0.5379966500296703
0.532713686837201
0.5274512547183471
0.5222096978374933
0.5169893447605091
0.5117905088269868
0.506613488517119
0.5014585678132418
0.4963260165560733
0.4912160907956726
0.48612903313715206
0.4810650730811702
0.4760244273592374
0.47100730026386534
0.46601388397359267
0.46104435887291917
0.45609889386718266
0.4511776466924122
0.44628076422019247
0.44140838275757427
0.4365606283420675
0.4317376170317525
0.42693945519054655
0.4221662397686629
0.41741805857830044
0.4126949905646011
0.4079971060719149
0.40332446710541064
0.3986771275880717
0.39405513361311734
0.38945852369188816
0.38488732899723743
0.3803415736024681
0.37582127471585647
0.37132644291080347
0.3668570823516558
0.36241319101523733
0.35799476090813315
0.3536017782797684
0.34923422383132374
0.34489207292052965
0.3405752957623825
0.33628385762582436
0.3320177190264296
0.3277768359151412
0.32356115986309864
0.31937063824260203
0.31520521440425375
0.3110648278503213
0.30694941440436496
0.30285890637717205
0.2987932327290421
0.29475231922846534
0.29073608860723726
0.28674446071205323
0.2827773526526251
0.27883467894636316
0.27491635165966655
0.27102228054586414
0.2671523731798495
0.26330653508945173
0.25948466988358504
0.2556866793772194
0.25191246371321463
0.24816192148105978
0.24443494983255998
0.24073144459451254
0.23705130037841404
0.23339441068723993
0.2297606680193378
0.22614996396947595
0.22256218932708768
0.21899723417175268
0.21545498796595566
0.2119353396451629
0.20843817770525683
0.2049633902873688
0.2015108652601493
0.19808049029951597
0.19467215296591786
0.1912857407791557
0.1879211412907965
0.18457824215422158
0.18125693119234565
0.17795709646304592
0.17467862632233816
0.17142140948533802
0.16818533508504432
0.16497029272898178
0.16177617255373955
0.15860286527744233
0.15545026225019
0.15231825550250194
0.14920673779180132
0.14611560264697498
0.1430447444110438
0.1399940582819783
0.13696344035169386
0.1339527876432598
0.13096199814635617
0.1279909708510117
0.12503960577965606
0.12210780401751967
0.11919546774141324
0.11630250024691971
0.11342880597403042
0.11057429053125711
0.10773886071825134
0.10492242454696213
0.10212489126136275
0.09934617135577695
0.09658617659183477
0.09384482001408777
0.091122015964313
0.08841768009453506
0.0857317293787948
0.08306408212369344
0.08041465797774018
0.07778337793953105
0.0751701643647868
0.07257494097227675
0.06999763284865589
0.06743816645224135
0.06489646961575497
0.06237247154805759
0.059866102834900854
0.05737729543872182
0.054905982697505344
0.052452099322738956
0.05001558139648458
0.04759636636759115
0.045194393047071915
0.04280960160266974
0.04044193355263372
0.038091331758729696
0.03575774041850733
0.033441105056845895
0.031141372516800606
0.02885849094977115
0.026592409805013654
0.024343079818517053
0.022110453001264577
0.01989448262690068
0.017695123218823505
0.01551233053672269
0.013346061562581942
0.011196274486165624
0.00906292869000822
0.006945984733925297
0.004845404339064284
0.002761150371513101
0.0006931868254843833
-0.001358521193907232
-0.0033940074882575664
-0.0054133047838582134
-0.007416444750038066
-0.009403458017844712
-0.011374374199049615
-0.013329221905461274
-0.015268028768530818
-0.017190821459234777
-0.01909762570822
-0.020988466326196005
-0.022863367224560262
-0.024722351436242178
-0.02656544113675184
-0.028392657665419794
-0.03020402154681439
-0.031999552512323504
-0.03377926952188766
-0.035543190785871856
-0.037291333787063605
-0.03902371530278497
-0.04074035142710661
-0.042441257593152065
-0.044126448595480795
-0.04579593861253866
-0.047449741229164795
-0.04908786945914406
-0.050710335767794455
-0.05231715209457914
-0.05390832987573289
-0.05548388006689304
-0.057043813165725266
-0.058588139234534556
-0.060116867922852264
-0.06163000848999002
-0.06312756982755167
-0.06460956048189462
-0.06607598867653201
-0.06752686233446763
-0.06896218910045526
-0.07038197636317485
-0.0717862312773176
-0.07317496078557272
-0.07454817164050825
-0.07590587042633926
-0.07724806358057598
-0.0785747574155457
-0.07988595813978137
-0.08118167187927086
-0.08246190469856052
-0.08372666262170705
-0.08497595165307188
-0.08620977779795222
-0.0874281470830434
-0.08863106557672716
-0.08981853940918054
-0.0909905747923005
-0.0921471780394393
-0.09328835558494604
-0.09441411400350959
-0.09552446002929875
-0.09661940057489521
-0.09769894275001524
-0.09876309388001621
-0.09981186152418402
-0.10084525349379782
-0.10186327786996852
-0.10286594302124757
-0.1038532576210029
-0.10482523066455872
-0.10578187148609632
-0.10672318977531298
-0.10764919559383616
-0.10855989939139046
-0.1094553120217148
-0.1103354447582274
-0.11120030930943654
-0.11204991783409464
-0.11288428295609387
-0.1137034177791014
-0.1145073359009323
-0.1152960514276587
-0.11606957898745333
-0.11682793374416632
-0.11757113141063352
-0.11829918826171552
-0.11901212114706577
-0.11970994750362718
-0.12039268536785584
-0.12106035338767139
-0.12171297083413299
-0.12235055761284035
-0.12297313427505921
-0.12358072202857084
-0.12417334274824508
-0.12475101898633663
-0.12531377398250446
-0.12586163167355396
-0.12639461670290217
-0.12691275442976557
-0.12741607093807103
-0.12790459304508975
-0.12837834830979472
-0.1288373650409417
-0.12928167230487436
-0.12971129993305403
-0.13012627852931435
-0.13052663947684193
-0.13091241494488298
-0.13128363789517733
-0.13164034208812023
-0.13198256208865283
-0.13231033327188255
-0.13262369182843384
-0.13292267476953082
-0.13320731993181262
-0.13347766598188268
-0.13373375242059327
-0.13397561958706627
-0.1342033086624518
-0.13441686167342587
-0.1346163214954285
-0.13480173185564379
-0.13497313733572358
-0.13513058337425585
-0.13527411626897995
-0.13540378317874993
-0.13551963212524787
-0.13562171199444875
-0.13571007253783884
-0.13578476437338918
-0.13584583898628613
-0.13589334872942085
-0.1359273468236396
-0.13594788735775676
-0.13595502528833253
-0.13594881643921755
-0.13592931750086618
-0.13589658602942065
-0.13585068044556817
-0.13579166003317314
-0.13571958493768663
-0.13563451616433514
-0.13553651557609117
-0.1354256458914276
-0.13530197068185812
-0.135165554369266
-0.13501646222302383
-0.13485476035690594
-0.13468051572579642
-0.13449379612219473
-0.1342946701725214
-0.13408320733322632
-0.13385947788670188
-0.13362355293700343
-0.13337550440537949
-0.1331154050256143
-0.13284332833918502
-0.13255934869023603
-0.13226354122037318
-0.13195598186327995
-0.13163674733915856
-0.13130591514899814
-0.13096356356867292
-0.1306097716428725
-0.13024461917886723
-0.129868186740111
-0.12948055563968391
-0.12908180793357782
-0.12867202641382677
-0.12825129460148546
-0.12781969673945792
-0.12737731778517922
-0.12692424340315261
-0.12646055995734506
-0.12598635450344325
-0.12550171478097322
-0.12500672920528566
-0.12450148685941013
-0.12398607748578012
-0.12346059147783209
-0.12292511987148076
-0.12237975433647348
-0.12182458716762609
-0.12125971127594296
-0.12068522017962378
-0.12010120799495974
-0.11950776942712153
-0.11890499976084197
-0.11829299485099559
-0.11767185111307796
-0.11704166551358712
-0.11640253556030988
-0.11575455929251532
-0.11509783527105823
-0.11443246256839482
-0.11375854075851348
-0.11307616990678285
-0.11238545055971988
-0.11168648373468029
-0.11097937090947399
-0.11026421401190785
-0.10954111540925843
-0.10881017789767693
-0.10807150469152904
-0.10732519941267193
-0.10657136607967094
-0.10581010909695825
-0.10504153324393614
-0.10426574366402706
-0.10348284585367286
-0.1026929456512857
-0.10189614922615295
-0.1010925630672983
-0.10028229397230153
-0.0994654490360792
-0.09864213563962866
-0.0978124614387374
-0.0969765343526603
-0.09613446255276699
-0.09528635445116129
-0.09443231868927533
-0.09357246412644031
-0.09270689982843615
-0.09183573505602227
-0.09095907925345159
-0.0900770420369699
-0.08918973318330278
-0.08829726261813219
-0.08739974040456468
-0.08649727673159353
-0.08558998190255669
-0.08467796632359262
-0.08376134049209616
-0.08284021498517628
-0.0819147004481178
-0.08098490758284906
-0.0800509471364174
-0.07911292988947459
-0.07817096664477383
-0.07722516821568055
-0.0762756454146987
-0.07532250904201435
-0.07436586987405867
-0.07340583865209191
-0.07244252607081025
-0.07147604276697742
-0.07050649930808266
-0.069534006181027
-0.06855867378083938
-0.06758061239942453
-0.06659993221434411
-0.06561674327763298
-0.06463115550465207
-0.06364327866297968
-0.0626532223613427
-0.061661096038589325
-0.060667008952704986
-0.059671070169872976
-0.05867338855358126
-0.0576740727537771
-0.05667323119607095
-0.05567097207099104
-0.054667403323290266
-0.05366263264130666
-0.05265676744637901
-0.05164991488231888
-0.05064218180494061
-0.04963367477165046
-0.04862450003109641
-0.04761476351287981
-0.04660457081733029
-0.04559402720534513
-0.04458323758829443
-0.04357230651799329
-0.04256133817674221
-0.041550436367436945
-0.04053970450374902
-0.039529245600377995
-0.03851916226337675
-0.03750955668055075
-0.03650053061193262
-0.03549218538033288
-0.03448462186196811
-0.033477940477167435
-0.03247224118115852
-0.03146762345493391
-0.030464186296198882
-0.029462028210401617
-0.028461247201846777
-0.02746194076489335
-0.02646420587523769
-0.025468138981282636
-0.02447383599559364
-0.02348139228644267
-0.02249090266944079
-0.021502461399260257
-0.020516162161446826
-0.019532098064323176
-0.01855036163098412
-0.01757104479138439
-0.01659423887451971
-0.015620034600701856
-0.014648522073928387
-0.01367979077434774
-0.012713929550820301
-0.011751026613576123
-0.010791169526969865
-0.009834445202333572
-0.008880939890927874
-0.007930739176992146
-0.006983927970894177
-0.0060405905023798775
-0.0051008103139235225
-0.004164670254179014
-0.0032322524715326442
-0.002303638407757798
-0.0013789087917720397
-0.00045814363349699504
0.0004585777821785737
0.0013711769013321105
0.002279575906836667
0.003183697724086009
0.004083466026615106
0.004978805241615675
0.005869640555346495
0.006755897918438208
0.0076375040510923255
0.008514386448174224
0.00938647338419987
0.010253693918216063
0.011115977898574025
0.011973255967596103
0.012825459566135464
0.013672520938028614
0.014514373134440588
0.015350950018102723
0.016182186267442878
0.017008017380608042
0.017828379679379225
0.01864321031297859
0.019452447261768806
0.020256029340844514
0.02105389620351601
0.02184598834468502
0.0226322471041127
0.023412614669579782
0.024187034079939003
0.024955449228059805
0.025717804863665428
0.02647404659606245
0.027224120896762898
0.02796797510199902
0.02870555741513087
0.029436816908946836
0.030161703527857252
0.0308801680899813
0.03159216228912733
0.03229763869666688
0.03299655076330244
0.03368885282072941
0.03437450008319229
0.03505344864893539
0.03572565550154846
0.036391078511207244
0.037049676435809545
0.037701408922006824
0.038346236506131816
0.03898412061502244
0.03961502356674227
0.040238908571197975
0.04085573973065409
0.04146548204014542
0.04206810138778749
0.04266356455498547
0.04325183921654184
0.0438328939406634
0.04440669818886784
0.04497322231579046
0.045532437568891394
0.04608431608806379
0.04662883090514347
0.047165955943320445
0.04769566601645289
0.04821793682828393
0.048732744971561825
0.049240067927064084
0.04973988406252593
0.05023217263147374
0.05071691377196395
0.05119408850522799
0.051663678734223756
0.0521256672420943
0.05258003769053417
0.05302677461806404
0.05346586343821433
0.05389729043761815
0.05432104277401449
0.05473710847416202
0.05514547643166425
0.05554613640470666
0.055939079013706386
0.05632429573887521
0.05670177891769639
0.057071521742316084
0.057433518256849954
0.05778776335460571
0.05813425277522221
0.05847298310172583
0.05880395175750477
0.05912715700320207
0.059442597933527956
0.05975027447399226
0.06005018737755768
0.060342338221214514
0.06062672940247772
0.06090336413580691
0.0611722464489501
0.06143338117921196
0.061686773969647314
0.06193243126518059
0.062170360308652084
0.06240056913679174
0.06262306657612124
0.06283786223878515
0.06304496651831201
0.06324439058530598
0.06343614638307002
0.06362024662316129
0.06379670478087959
0.06396553509068965
0.0641267525415781
0.06428037287234586
0.06442641256683695
0.06456488884910425
0.06469581967851327
0.06481922374478476
0.0649351204629767
0.06504352996840697
0.06514447311151708
0.0652379714526781
0.06532404725693947
0.06540272348872167
0.06547402380645345
0.06553797255715457
