0.0
0.011545968293083351
0.021413958976887908
0.029712033380304332
0.036552942713630576
0.04204835975354222
0.04630944683494347
0.049452030228998814
0.051591005643219015
0.05283745123349753
0.053299794806974714
0.05308462646621832
0.05229436954054085
0.05102912081373178
0.0493861904022184
0.04746121186779646
0.045353440697570115
0.04316975648208589
0.041031450328714976
0.03907394441147171
0.03745693990486347
0.0363293772295446
0.03574856020152465
0.03563294954344469
0.03583397104977291
0.03622792015354806
0.03672783099479002
0.03727787832731908
0.03784263683284277
0.0383991684115157
0.03893223534571646
0.03943182930201431
0.039891078732073454
0.04030508228170997
0.04067125469494158
0.04099057915698099
0.041270924627493884
0.04157292247937292
0.04223745932127111
0.043050197988060264
0.04383079391177281
0.04456544562490062
0.045253805736585724
0.04589820827341623
0.04650176691657548
0.047067754216574095
0.04759972415435709
0.048101245998266894
0.04857595412189523
0.049027466676124856
0.049459263870767864
0.04987464674606576
0.050276781550502206
0.05066855713771812
0.051052437284600835
0.05143063493184085
0.05180525562388513
0.052177843744173155
0.052549410775177524
0.05292065409296191
0.053292179527297465
0.05366397756583105
0.05403555717125935
0.054406220226582556
0.05477542527442757
0.05514215367110984
0.05550511366469288
0.055862991139175144
0.05621487386165964
0.05655952822005435
0.05689559719976105
0.05722210051516422
0.05753736601197315
0.057841184358964494
0.058132278300100676
0.058409572625923695
0.05867256248866316
0.058920477485990136
0.059152632710774915
0.05936868860941488
0.059567905329285416
0.05974984818513772
0.059914385597758156
0.060060936463011076
0.06018935979903707
0.06029960896368298
0.060391188913299976
0.06046449981513037
0.06051933373814763
0.06055558462987494
0.06057386526310274
0.060574421473398525
0.060557280272784564
0.060522431059802095
0.06046991310766051
0.06040079160820684
0.060315889712713754
0.06021579077417466
0.06010084432592178
0.059971182148735834
0.05982830076772439
0.05967341106502946
0.05950750654938274
0.059331487387662654
0.05914623105450066
0.05895354142153014
0.05875493535105518
0.05855177724994819
0.05834532519899205
0.05813684368922064
0.057928562001765445
0.05772235228068502
0.05751992771208274
0.05732286443373696
0.0571333621796076
0.05695156945661484
0.0567806576920595
0.05662153139437081
0.05647484244821631
0.05634091390478081
0.05622042808324664
0.0561136725725033
0.0560201951834961
0.055939311328413614
0.05587000716048469
0.05581139164031272
0.055761032199540435
0.05571799784246129
0.05567874184378529
0.05564241094924295
0.055610361200707205
0.05557840192344964
0.05554323649207435
0.055506711537992796
0.05546951321685032
0.05542487011638752
0.05537348042826545
0.0553182827390538
0.05525472630515101
0.055180782195062374
0.05509899015793991
