0.0
0.0004701039734187392
0.0009266649272719118
0.0013699644550030092
0.001802162559978092
0.0022213091339656358
0.0026258593568881466
0.003017095185802297
0.0033957220031177156
0.003761760058695062
0.004115494136376324
0.0044571684747292326
0.0047868066709108445
0.005104706446509644
0.005410931967074529
0.005705769970104167
0.0059893356117753874
0.0062620874439334295
0.0065241286883551625
0.006775564866547848
0.007016514662894159
0.007247108277284065
0.007467485757301413
0.007677795303514716
0.007878191546186155
0.008068833795954081
0.008249888188965786
0.008421558247208237
0.00858404079926517
0.008737531140924565
0.008882227356305923
0.009018328999208137
0.009146035743193975
0.009265546005581715
0.009377055553019023
0.009480756099104062
0.009576833830580323
0.009665444511880679
0.009746748736060134
0.009820925772503968
0.009888152165426139
0.009948601212206427
0.010002442418530112
0.010049840929079684
0.010090956933003633
0.010125945043962033
0.010154953655259216
0.010178145544259738
0.010195736868253633
0.010207897896314204
0.010214792738677673
0.01021658296219003
0.010213427256542736
0.010205481066758186
0.01019289619050926
0.010175820339325662
0.010154396663338424
0.010128667879497084
0.010099034611134818
0.01006551544382707
0.010028263949353933
0.009987432754245759
0.009943173192287727
0.009895634962859579
0.009844965793925986
0.00979131110937564
0.009734813701244778
0.009675613408162996
0.009613824670391012
0.009549560577894493
0.009482966223764253
0.009414187850147169
0.009343373085562176
0.009270671316817377
0.009196234100963749
0.009120215617618058
0.009042773161408469
0.008964067673426487
0.00888426430935725
0.008803533040283322
0.008722049279908032
0.008639994528980895
0.00855755702385204
0.008474932371163068
0.008392324144517526
0.00830994441139337
0.008228014149496816
0.008146763501249144
0.00806643180344567
0.007987222598603561
0.007909070826007161
0.007832150510077449
0.007756706155083707
0.0076829955041552
0.0076112885665328275
0.007541865762999763
0.007475015020495906
0.007411027682437252
0.00735019317297596
0.007292792466855401
0.007239090569531253
0.007189328390914357
0.007143714572447512
0.007102417961602128
0.007065561477481516
0.007033218044083145
0.0070054090772079395
0.006982105723784555
0.006963232724682626
0.006948674473294577
0.0069382826325123425
0.006931672283539751
0.006928192862972034
0.006927280269664105
0.006928800004934113
0.006932661231740979
0.00693871109517184
0.006946701385613206
0.006956448049915345
0.00696777697738789
0.006980522117994618
0.006994532041033342
0.007009667662468351
0.007025800639257852
0.00704281392572852
0.007060601570396001
0.007079065054972711
0.007098113593429628
0.007117663230932234
0.007137637938332709
0.007157974275831753
0.007178610379699641
0.007199488504524087
0.007220554809987559
0.0072417594796263295
0.007263063406570927
0.007284428162109252
0.007305816516736501
0.007327193322555203
0.007348525174215502
0.007369786627746885
0.007390954385210327
0.007412003990869756
0.007432912036821185
0.007453655833215038
0.007474215141618637
0.007494582977300308
0.007514738267937523
0.007534666090266446
0.007554351360827737
0.007573784958050921
0.0075929732548571756
0.0076119077991437765
0.007630579046029356
0.007648977632708501
0.007667094390100901
0.0076849203660895584
0.00770244686061667
0.007719665473237875
0.007736568164111057
0.007753147329853507
0.0077693958962609
0.007785307430587054
0.007800876276994187
0.007816097719978505
0.007830968182154386
0.007845485464906845
0.007859660863599809
0.007873513671464192
0.007887053391082595
0.007900292725369434
0.007913248224970141
0.007925941075523368
0.00793839812138415
0.00795065321524102
0.007962749018142971
0.007974739420347298
0.007986692807731028
0.007998696447771536
0.008010862270816864
0.008023334167294609
0.008036296366585155
0.008049981059827911
0.008064670626734974
0.008080690003931489
0.008098374121172614
0.008117984382228738
0.008139623944122069
0.008163197536201367
0.008188444790910746
0.008215022278487543
0.008242582781034171
0.008270822217056845
0.008299495235879846
0.008328412647962401
0.008357431918099336
0.008386446763262617
0.008415378196477223
0.008444167525777726
0.008472771116321307
0.008501155711648941
0.008529291023533688
0.008557156043226637
0.00858473564551677
0.008612018664813634
0.008638997065031986
0.008665665310792521
0.008692019885010374
0.008718058913592291
0.008743781868993949
0.008769189332170774
0.008794282797982543
0.008819064513066086
0.00884353733803345
0.008867704627931326
0.008891570126412665
0.008915137870204546
0.00893840988403551
0.008961384827921184
0.008984066320566511
0.009006458411753003
0.009028565319516669
0.009050391397747342
0.009071941104861073
0.009093218972930767
0.009114229576762792
0.009134977502494866
0.00915546731536062
0.009175703526325907
0.009195690557354422
0.009215432705102078
0.009234934102883393
0.009254198680786679
0.009273230125209224
0.009292035078718912
0.009310621276499838
0.009328994237682513
0.009347159532530637
0.009365122769461892
0.009382889580263364
0.009400465603375274
0.00941785646513245
0.009435067758861037
0.009452105021742421
0.009468973709368465
0.009485679167924265
0.009502226603951525
0.009518621051657196
0.009534867337750929
0.009550970043809812
0.009566933545618198
0.009582763624113307
0.009598466106431568
0.009614046433075526
0.009629509978073264
0.009644862026825489
0.009660107751692671
0.00967525218527714
0.009690300191365984
0.009705256433509737
0.009720125341226177
0.009734911073828546
0.009749617481892497
0.009764248066389923
0.009778805935532646
0.009793293759384808
0.00980771372231974
0.009822067473414298
0.009836356074890256
0.009850579948732788
0.009864738821633898
0.009878841467599164
0.009892899759063828
0.009906917314352653
0.009920897614055903
0.009934843982138954
0.009948759565295081
0.009962647310559713
0.009976509941172187
0.009990349930679784
0.010004169475284945
0.010017970464444699
0.010031754449737595
0.01004552261202293
0.010059275726923795
0.010073014128673343
0.010086737672372151
0.010100445694712627
0.010114136973234896
0.010127809684184065
0.010141461359050962
0.010155094401594624
0.01016872344519898
0.010182350649298889
0.010195977107812173
0.01020960372824607
0.010223231213123149
0.010236860040004035
0.010250490440105283
0.010264122375515715
0.01027775551501933
0.010291389208537711
0.010305022460208977
0.010318653900125206
0.010332281754754593
0.01034590381607897
0.010359517409482169
0.010373119360428689
0.010386705959974584
0.01040027292916024
0.010413815382334522
0.010427329984246971
0.0104408316584282
0.01045432382348615
0.010467805643549691
0.010481276147858567
0.010494734215509222
0.010508178558871678
0.010521607705673489
0.010535019979749411
0.010548413480461573
0.010561786060793759
0.010575135304132519
0.010588458499745084
0.010601752616971544
0.010615014278149124
0.010628239730291122
0.010641424815544377
0.010654564940452865
0.010667655044057107
0.01068068956486199
0.010693662596150753
0.010706584722253772
0.010719464169394607
0.010732299529869743
0.010745089318740944
0.0107578319579431
0.010770525759122072
0.010783168905206872
0.010795759430717504
0.010808295200819272
0.01082077388912936
0.010833192954287483
0.010845549615305953
0.010857840825711477
0.010870063246498305
0.010882213217911194
0.010894286730079283
0.0109062793925245
0.010918186402568704
0.010930002512667323
0.01094172199669601
0.010954101426729678
0.010965460637625282
0.010976780047709026
0.010988051261646396
0.010999266787292862
0.011010419930066672
0.011021504689826723
0.011032515660334231
0.011043447931372387
0.01105429699360265
0.011065058646234444
0.011075728907585262
0.011086303928610408
0.011096779909477432
0.011107153019262761
0.011117419318844557
0.01112757468706679
0.011137614750243524
0.011147534815074765
0.011157329805039059
0.01116699780313439
0.011176553977966687
0.01118600030145536
0.011195336062932177
0.011204560372524805
0.011213672122064868
0.011222669949204594
0.011231552204784475
0.011240316923495367
0.011248961797873132
0.01125748415566214
0.011265880940584167
0.011274148696544905
0.011282283555311462
0.011290281780264177
0.011298156007580915
0.011305912658250256
0.011313550752417276
0.011321068991336681
0.011328465744134849
0.011335739037805888
0.011342886550468926
0.01134990560791131
0.011356793183444801
0.011363545901099205
0.011370160042183105
0.011376631555240886
0.01138295606943953
0.011389128911421817
0.011395157988473091
0.011401060250461281
0.011406835218489312
0.011412481931128649
0.011417999111304871
0.011423385157214671
0.011428638136336235
0.011433755782557651
0.011438735496450941
0.01144357434871556
0.011448269086821351
0.011452816144878622
0.01145721165676965
0.011461451472575794
0.011465536194288643
0.011469485982094591
0.011473303233749281
0.011476987372244505
0.011480537519823204
0.011483952487888444
0.011487230769860033
0.011490370537006805
0.011493369637279767
0.011496225597173426
0.01149893562664232
0.011501496627103189
0.01150390520255282
0.011506157673838027
0.011508115229955523
0.011510110216989403
0.011511959107129172
0.011513664511699887
0.011515228258476774
0.011516651437617575
0.011517934447725217
0.01151907704198605
0.011520078374332348
0.011520937045584385
0.01152165114953099
0.011522218318913098
0.011522635771282048
0.011522900354708376
0.011523008593323147
0.011522975087857754
0.011522822485841886
0.01152255084920784
0.01152215993735927
0.011521649324647385
0.0115210184129135
0.011520266442132623
0.011519392499133623
0.011518395524374492
0.011517274316754512
0.011516027536445535
0.01151465370572917
0.011513151207827196
0.011511518283716562
0.011509753026920139
0.011507853376269302
0.011505817106633988
0.011503641817620272
0.01150132492023542
0.01149886362152447
0.011496254907183175
0.011493495522154241
0.01149058194921725
0.011487510385583169
0.011484277086262314
0.011480907094282861
0.011477419188335666
0.011473815467497457
0.011470098006427615
0.011466268822328743
0.011462329839272449
0.011458282849899722
0.011454129474507043
0.011449871117534404
0.011445508921475432
0.011441043718234045
0.011436475977957397
0.011431805755379096
0.011427032633712234
0.011422155666136743
0.0114171733149322
0.011412083388311222
0.011406882975015596
0.011401568376742896
0.011396135038477475
0.011390577476805268
0.011384889206298097
0.01137906266405971
0.011373089132530658
0.011366962293944882
0.011360724800070634
0.011354393676425913
0.01134797117192386
0.011341459494094644
0.011334860791534937
0.011328177135374312
0.011321410499760659
0.011314562741371709
0.011307635577958204
0.011300630565927576
0.011293549076978415
0.011286392273796204
0.011279161084824798
0.01127185617812791
0.01126447793435711
0.011257026418844586
0.011249501352840937
0.0112419020839196
0.011234227555570976
0.011226476276011935
0.011218646286237035
0.011210735127340818
0.011202739807140706
0.011194656766132894
0.011186487961415916
0.01117826532100112
0.011169996380268317
0.011161683749260774
0.0111533299553773
0.01114493742720301
0.011136508477594965
0.011128045286027323
0.011119549880200969
0.011111024116924188
0.011102469662272152
0.011093887971034952
0.011085280265464112
0.0110766475133298
0.011067990405302023
0.011059309331670689
0.0110506043584201
0.011041875202676374
0.011033121207546015
0.011024341316366584
0.011015534046391601
0.011006697461932762
0.01099782914698516
0.010988926177360884
0.010979985092360986
0.010971014123933762
0.01096204584956109
0.01095308512213055
0.010944134989533583
0.01093519845128546
0.010926278445364097
0.010917377834312358
0.010908499390602672
0.010899645781263638
0.01089081955177094
0.010882023109204667
0.01087325870467899
0.010864528415049642
0.010855834123907565
0.01084717750186887
0.010838559986172953
0.010829982759602166
0.010821446728738946
0.010812952501578411
0.010804500364515716
0.010796090258731114
0.010787721755995579
0.010779394033924673
0.010771105850708205
0.010762855519347135
0.010755777785507615
0.010747410002617478
0.010739161229890645
0.010731027561956073
0.010723005726107343
0.010715093004463331
0.010707287157387353
0.010699586348238992
0.010691989069537517
0.010684494070617901
0.010677100286863164
0.010669806770600329
0.010662612623747987
0.01065551693230654
0.010648518702783216
0.010641616800644488
0.010634809890889422
0.010628096380836803
0.010621474365218056
0.01061494157366692
0.010608495320694454
0.01060213245823471
0.010595849330843829
0.010589641733631016
0.010583505007248953
0.010577447833147504
0.010571479789316933
0.010565603774129304
0.010559823077771072
0.010554141367580682
0.010548562674730925
0.010543091382283282
0.010537732158862017
0.01053248138049447
0.010527334246303068
0.010522290272749445
0.010517348566754634
0.010512507814061255
0.010507766270213246
0.01050312175415942
0.010498571660452958
0.010494116977341806
0.0104897589590685
0.01048549615010503
0.01048132683055807
0.010477249007749847
0.010473260410019834
0.010469358482743246
0.010465540392011361
0.01046180579129804
0.010458154693475281
0.010454585099451076
0.010451094827874001
0.01044768150825301
0.010444342576019523
0.010441075269528224
0.010438447496605868
0.01043508148313532
0.01043186315402142
0.010428769203439426
0.010425779177765965
0.010422875560442298
0.010420043852821088
0.010417272650918442
0.010414553716993595
0.010411844972910972
0.010409101751427835
0.010406315598946957
0.01040348129090079
0.010400596893549592
0.010397663821550997
0.010394686891342842
0.010391674370387603
0.010388638022330147
0.010385593148122367
0.010382558623167282
0.010379556930532101
0.010376614190276408
0.010373760184934655
0.010371028381186868
0.010368455947742423
0.010366083769455211
0.01036382659094699
0.01036143033406597
0.01035888651843457
0.01035619851166509
0.010353373049670742
0.01035042027850519
0.010347353792434476
0.010344190668303633
0.010340951496255165
0.010337660406852224
0.010334345094651188
0.010331036838262527
0.010327770516928294
0.01032458462363916
0.010321521274801366
0.01031862621645845
0.010315948827062275
0.010313461031052025
0.010310835727037839
0.010308032162874075
0.010305053665339375
0.010301906830928891
0.010298601564492988
0.010295151114429723
0.010291572104481764
0.010287884562183675
0.010284111944001011
0.010280281157196229
0.010276422578448904
0.010272570069251037
0.010268760988089183
0.010265036199418409
0.010261440079423706
0.010258020518557185
0.01025479869484668
0.01025148240757797
0.010247985090866113
0.010244309358579734
0.010240460963347488
0.010236448833943482
0.010232285109469002
0.010227985170367614
0.010223567666307814
0.010219054540963926
0.010214471053720397
0.01020984579831933
0.010205210718464778
0.010200601120390502
0.010196055682390312
0.01019161646130441
0.010187328895946453
