0.0
0.04506190632142385
0.07708898956900365
0.09781566104197312
0.10906936520515374
0.1126982980911693
0.11049634337436634
0.10418111130891397
0.09541557130051476
0.08596489468335677
0.07801886951886879
0.07401731057370081
0.07400279345479713
0.07587864323874877
0.07830422692875713
0.08071355856165563
0.08285670177828768
0.08461204530009045
0.08594161998092761
0.0878983012062367
0.09127355924107013
0.09426211765461366
0.09688978757168684
0.09921588457719059
0.10130178396808463
0.1032071653606708
0.10498717125435883
0.1066901053100259
0.108354737794861
0.11000934771755927
0.1116690050735198
0.1133372334984326
0.11500609003064681
0.11666123873494874
0.1182831282524509
0.1198521516200248
0.1213482342071703
0.12275417220463243
0.12405400878699915
0.12523502933717645
0.12628653383864377
0.127199319090198
0.1279663663275485
0.1285826480622897
0.1290452253767658
0.12935284690997698
0.12950791483879523
0.12951193288121354
0.129371622919645
0.12909678439668115
0.1286967312808499
0.12818808398549922
0.12758780030411568
0.1269173428490523
0.12620128086696727
0.12546543569084523
0.12474124088678745
0.12405965211896496
0.1234490087647112
0.12293668915082216
0.12253701857609443
0.1222562661212507
0.12208680894121107
0.12201021500291825
0.12199820317072058
0.12202229105996197
0.12205398193889752
0.12207059582262239
0.12204322622588344
0.12196010235993539
0.12179748833117385
